Alcoa Corp,United States,Equity
timestamp,open,high,low,close,volume
2018-11-12,34.2200,34.5700,33.4800,33.7300,2422413
2018-11-09,35.9700,36.1500,33.8200,34.3600,4278967
2018-11-08,36.8600,37.9400,36.1600,36.3800,3764117
2018-11-07,36.7400,37.3300,36.1200,36.8300,3267911
2018-11-06,36.1000,36.5800,35.6800,36.1900,2417778
2018-11-05,36.8400,37.1655,36.3810,36.6000,1774657
2018-11-02,37.0000,37.6900,36.4100,36.9300,2690040
2018-11-01,35.4400,36.8800,35.2400,36.7800,2756298
2018-10-31,34.8200,35.8214,34.6000,34.9900,3380700
2018-10-30,33.6500,34.4800,33.4132,34.1500,2193447
2018-10-29,34.6000,35.1200,33.4000,33.8200,2219637
2018-10-26,33.8400,34.9900,33.0800,34.2500,3944718
2018-10-25,34.5600,35.1900,33.8801,34.5600,3200370
2018-10-24,37.1200,37.3500,34.0400,34.2000,4897217
2018-10-23,38.8700,38.9700,37.0700,37.3200,3192870
2018-10-22,38.7200,39.7600,38.6400,39.4600,3141059
2018-10-19,38.9000,39.1500,37.9000,38.6000,5061831
2018-10-18,38.6100,40.6800,38.6000,38.8500,13826704
2018-10-17,36.3800,36.7100,35.5600,36.7000,7398566
2018-10-16,35.4800,36.2950,35.3000,36.1900,2686752
2018-10-15,35.4700,35.8800,35.3100,35.3400,2439871
2018-10-12,36.3900,36.5500,35.5900,35.6700,2848507
2018-10-11,35.8000,36.2200,35.1300,35.6700,3505402
2018-10-10,37.3100,37.4500,35.9700,36.0600,4374437
2018-10-09,38.4800,38.7300,37.4050,37.6400,5164752
2018-10-08,41.0000,41.0100,38.2700,38.7400,7466689
2018-10-05,42.6400,42.6500,41.6000,42.0600,4314191
2018-10-04,43.3500,43.7300,42.5300,43.1100,6420388
2018-10-03,44.7000,45.4500,42.5100,42.8900,14417669
2018-10-02,40.9600,41.8600,40.8600,41.5600,4589918
2018-10-01,40.7500,40.9600,39.8800,40.8600,3624890
2018-09-28,40.5400,41.3550,40.2400,40.4000,3755733
2018-09-27,40.3800,40.8100,40.0800,40.5000,2842787
2018-09-26,41.3000,41.3000,39.5800,40.4800,7849621
2018-09-25,41.6500,41.9400,40.6000,41.2400,5152113
2018-09-24,43.0100,43.6900,41.9100,41.9600,4054270
2018-09-21,43.3600,44.0000,42.9200,43.7900,4939859
2018-09-20,43.3900,43.5800,42.3800,42.9300,4026319
2018-09-19,43.0500,43.1200,42.1300,42.6300,3010275
2018-09-18,43.4900,43.8000,42.7300,43.1200,2707093
2018-09-17,42.5000,43.5000,42.5000,42.8300,3015536
2018-09-14,41.8100,42.9100,41.8100,42.7900,2731442
2018-09-13,42.5100,42.8800,41.5600,41.7700,2609003
2018-09-12,41.3100,42.0400,40.3200,42.0200,4466893
2018-09-11,41.1900,41.3850,40.5662,40.8700,3718963
2018-09-10,42.0900,42.6900,41.6400,42.0100,3405903
2018-09-07,40.5000,41.8223,40.1000,41.0000,5305166
2018-09-06,42.9000,42.9300,40.1200,40.3600,6537246
2018-09-05,43.1700,43.2263,41.6300,42.8700,3340740
2018-09-04,43.8800,43.9190,43.1000,43.3600,2045096
2018-08-31,44.1000,45.0400,44.0400,44.6700,2028645
2018-08-30,44.9900,45.1700,44.3050,44.3700,3086353
2018-08-29,44.1200,45.4700,44.0400,45.1300,2554184
2018-08-28,44.4900,45.6500,44.0000,44.2500,3837152
2018-08-27,43.4100,44.3500,43.4100,43.8700,2358878
2018-08-24,42.7100,43.5300,42.1800,43.4400,4630511
2018-08-23,42.5000,42.7300,41.8900,42.0200,2812973
2018-08-22,43.2000,43.7900,43.1200,43.2200,2037865
2018-08-21,41.8800,43.2200,41.8800,43.0300,3095888
2018-08-20,42.5700,42.8700,41.7100,41.8300,2730865
2018-08-17,41.4200,42.2400,41.0900,42.0300,2264910
2018-08-16,41.2500,42.2400,41.2500,41.4500,3398916
2018-08-15,43.1800,43.3700,40.6900,40.8800,5392395
2018-08-14,44.3600,44.5599,43.7600,44.1300,3399519
2018-08-13,44.9500,44.9500,44.0100,44.4500,4337588
2018-08-10,42.4500,45.1700,42.0500,44.9800,7608234
2018-08-09,44.2700,44.4000,42.8100,42.9900,3058372
2018-08-08,42.0000,44.3200,41.9450,43.7000,6489177
2018-08-07,43.2100,43.4000,41.9000,41.9700,2887866
2018-08-06,42.5300,42.9800,42.2100,42.7200,3233414
2018-08-03,42.5400,43.3000,42.3100,42.7200,2101762
2018-08-02,41.6300,42.7500,41.4600,42.4800,2571736
2018-08-01,43.0100,43.0100,41.9000,42.0400,3886643
2018-07-31,42.6800,43.6100,42.6552,43.2700,2557641
2018-07-30,43.3800,43.6800,42.3200,42.5800,2704072
2018-07-27,42.8600,43.4800,42.3633,43.2200,3978849
2018-07-26,42.7000,43.4600,42.0500,42.8200,3023653
2018-07-25,42.1000,43.2450,41.6450,43.1100,5664928
2018-07-24,42.3500,43.1000,42.0000,42.4900,8243913
2018-07-23,40.8600,41.8200,40.0800,41.3300,7709803
2018-07-20,41.5300,41.5500,40.0300,40.3200,9855642
2018-07-19,45.7500,46.3000,41.0249,41.5600,19926754
2018-07-18,47.9800,48.7500,47.3200,47.9600,3937718
2018-07-17,47.4000,48.2900,47.3950,48.0200,2203008
2018-07-16,47.5400,48.0800,46.7600,47.4100,2714124
2018-07-13,47.6800,47.8500,47.0200,47.2600,1350412
2018-07-12,48.1000,48.2873,47.1500,47.4000,1896637
2018-07-11,46.9100,48.3000,46.5900,48.0600,2847293
2018-07-10,48.0500,48.8700,47.5179,47.8900,2234801
2018-07-09,47.9400,48.5600,47.5700,48.2900,2370238
2018-07-06,46.4900,47.2450,46.0200,47.1400,2184835
2018-07-05,46.2600,47.5000,46.1700,46.8800,2250977
2018-07-03,46.3400,46.9000,45.5100,45.8000,1251283
2018-07-02,46.4600,47.2900,45.4900,45.8800,2150764
2018-06-29,46.1900,47.3200,46.0875,46.8800,3118855
2018-06-28,45.2300,46.6800,45.0738,46.4700,2272953
2018-06-27,45.6800,47.0500,45.4700,45.7400,2468646
2018-06-26,44.5100,45.9600,44.0800,45.8000,3918181
2018-06-25,45.1300,45.1300,43.5900,44.2600,2281908
2018-06-22,45.4500,45.7800,45.2600,45.5600,3383121
2018-06-21,45.0100,45.4290,44.5700,44.8100,2251182
2018-06-20,44.8800,45.4300,44.3300,45.2700,2160543
2018-06-19,44.6300,44.6300,43.3500,44.4700,3320095
2018-06-18,45.0100,45.8700,45.0000,45.7800,2835721
2018-06-15,47.4000,47.4000,45.0300,45.3400,4962449
2018-06-14,48.4400,48.6450,47.6400,47.8400,2167992
2018-06-13,49.3400,49.4900,48.2800,48.3500,2589351
2018-06-12,49.9800,50.1300,49.1100,49.2900,1561916
2018-06-11,48.5000,50.5900,48.1800,49.9200,4973497
2018-06-08,49.0100,49.4900,48.4400,48.5200,2299265
2018-06-07,50.0400,50.1200,48.5422,49.1900,4036842
2018-06-06,49.8900,50.1900,49.1700,50.1300,2873374
2018-06-05,48.6200,49.5000,48.4200,49.4500,2433970
2018-06-04,48.1300,48.8200,48.1300,48.4600,2229504
2018-06-01,48.3900,48.6200,47.4700,47.6400,2442152
2018-05-31,49.9800,50.4300,47.8100,48.0700,4026868
2018-05-30,48.1100,48.6600,47.5000,48.5400,1681243
2018-05-29,47.5700,47.9500,46.8200,47.3000,1973444
2018-05-25,48.7400,48.8250,47.6600,47.9300,3553470
2018-05-24,48.6200,49.4400,48.5500,49.1500,1867241
2018-05-23,49.2600,49.3800,48.3100,48.5700,2276141
2018-05-22,50.6800,50.9000,49.6000,49.6900,3607805
2018-05-21,51.2000,51.2000,50.1500,50.3700,2446551
2018-05-18,50.5300,51.0500,50.3500,50.8300,3011306
2018-05-17,49.8300,51.0900,49.8300,50.7100,2887631
2018-05-16,50.5400,50.6750,49.5400,50.1900,5433326
2018-05-15,51.7900,51.9500,50.4000,50.5400,6216324
2018-05-14,54.3800,54.5150,51.9200,52.3300,4377313
2018-05-11,53.7900,54.2500,53.3700,53.9600,3978772
2018-05-10,53.4000,54.0100,53.0900,53.7900,3321925
2018-05-09,53.7200,54.1300,53.1800,53.4900,3647512
2018-05-08,54.2600,54.6500,53.4400,53.7600,2756129
2018-05-07,54.8000,55.3800,54.3200,54.5500,3891589
2018-05-04,53.0400,54.4600,52.6500,54.3900,2598700
2018-05-03,52.8300,53.7600,52.6342,53.2800,4050792
2018-05-02,52.4500,53.5000,52.2100,53.0700,3375521
2018-05-01,51.0400,52.4300,50.1100,51.9900,2526305
2018-04-30,51.4000,51.8698,51.0500,51.2000,2749820
2018-04-27,52.5600,52.9900,51.1000,51.6000,4355251
2018-04-26,54.2500,55.0800,52.4005,52.9400,5842605
2018-04-25,50.5900,52.4300,49.9700,51.9500,4760378
2018-04-24,51.4700,52.2000,49.9000,50.8200,7258060
2018-04-23,54.5600,54.9100,51.5000,51.9000,13132495
2018-04-20,59.8200,60.1400,57.4900,60.0100,7635803
2018-04-19,60.5400,62.3500,59.5600,60.2300,11779224
2018-04-18,58.2600,60.2800,57.2500,59.4000,8700598
2018-04-17,55.3700,57.4875,54.7600,57.0800,6077405
2018-04-16,55.5500,56.5000,54.4050,55.0300,5572963
2018-04-13,54.9500,55.3800,54.2700,54.9600,2685759
2018-04-12,53.7000,55.3323,53.1700,54.4700,5726282
2018-04-11,53.8000,54.8900,52.6500,53.9700,5434621
2018-04-10,51.8000,55.1800,51.6500,54.0800,8973514
2018-04-09,49.7800,52.0200,49.3200,50.6200,6810025
2018-04-06,47.1800,48.7400,47.1000,48.0500,4066842
2018-04-05,47.2000,48.7300,47.1500,47.6100,2979005
2018-04-04,44.4000,47.0700,44.2100,46.9200,3667535
2018-04-03,44.6300,45.9000,44.6300,45.3500,2914982
2018-04-02,44.8600,46.1200,43.8000,44.3400,2139615
2018-03-29,44.7400,45.6629,44.5000,44.9600,2279233
2018-03-28,44.5100,44.9200,43.6864,44.4200,1661695
2018-03-27,46.2500,46.4900,44.6350,44.9000,2889304
2018-03-26,45.2600,46.5300,44.2698,45.7700,5152476
2018-03-23,45.1700,46.0000,44.6000,44.7100,3221848
2018-03-22,47.4000,48.0890,44.8600,44.9200,4312329
2018-03-21,46.4200,48.0615,46.3100,47.9500,2104409
2018-03-20,46.3700,47.0600,46.0500,46.4700,1506443
2018-03-19,47.0300,47.6800,45.7600,46.3600,2498132
2018-03-16,46.8000,47.9186,46.7400,47.2300,2815649
2018-03-15,46.4500,47.1300,45.7100,46.9300,2998802
2018-03-14,49.0900,49.4300,46.2100,46.5700,3696049
2018-03-13,48.4300,49.8500,48.4300,48.5900,2738974
2018-03-12,48.0100,48.6799,47.9100,48.3600,1489039
2018-03-09,48.0500,48.5900,47.2300,47.8600,2761992
2018-03-08,47.8800,48.7300,46.5450,47.4700,3105316
2018-03-07,46.6000,48.2600,46.4006,47.8800,3654749
2018-03-06,46.1900,47.5200,46.0300,46.9900,4431167
2018-03-05,45.1800,46.4600,44.8500,45.6500,4587974
2018-03-02,44.7200,46.1800,44.1400,45.5400,3707749
2018-03-01,45.9300,46.4400,44.5800,45.0700,6501728
2018-02-28,46.2500,46.8400,44.9400,44.9700,2829506
2018-02-27,46.5000,47.1700,45.6570,46.2200,3223727
2018-02-26,47.4200,47.5800,46.1400,46.6800,3553755
2018-02-23,48.0600,48.1400,46.5841,46.7000,3083368
2018-02-22,48.0100,48.4000,46.8300,48.0100,4217919
2018-02-21,48.2100,48.9500,47.2300,47.5500,3185582
2018-02-20,46.8400,48.7399,46.7600,48.0700,4581817
2018-02-16,47.5000,50.1800,46.5200,47.3600,8372208
2018-02-15,48.9900,48.9900,46.1901,47.5700,5101632
2018-02-14,46.7100,48.6500,46.5200,48.5400,2427324
2018-02-13,46.3900,47.9800,46.1200,47.3000,2805323
2018-02-12,46.0500,47.1300,45.7700,46.6500,3495865
2018-02-09,46.5400,47.0600,44.1500,45.9200,4569076
2018-02-08,47.8100,48.2400,45.5300,45.9800,3896943
2018-02-07,49.2300,49.4200,47.6700,47.7000,3175247
2018-02-06,47.4400,50.2000,47.2800,49.4300,3140711
2018-02-05,48.6100,50.7500,47.8000,48.4600,3861760
2018-02-02,52.0000,52.0000,49.0000,49.0900,6057643
2018-02-01,51.4100,52.5000,51.2700,52.4200,3175232
2018-01-31,52.7500,53.3600,51.2500,52.0200,4470149
2018-01-30,53.6700,53.9700,52.5200,52.5200,3612659
2018-01-29,53.8900,54.6299,53.5200,54.4900,4630861
2018-01-26,53.5500,54.4000,53.2800,54.0000,2745616
2018-01-25,53.7400,53.8900,52.7200,53.1100,3744040
2018-01-24,52.9000,53.8525,52.3900,53.3000,2520675
2018-01-23,52.3400,52.9000,51.7300,52.4900,4883081
2018-01-22,52.8000,53.9000,52.2610,52.9400,4174194
2018-01-19,52.8600,53.6800,52.5500,53.1000,5753662
2018-01-18,53.6700,53.8700,51.7200,53.0000,19419475
2018-01-17,56.0300,57.0399,55.5800,56.9900,7635962
2018-01-16,56.0900,57.0400,55.4600,56.2400,3824593
2018-01-12,57.0500,57.5000,56.1100,56.7600,4191608
2018-01-11,56.6000,57.1300,55.8700,56.9100,2725478
2018-01-10,54.3700,56.2600,54.2300,56.1700,5004005
2018-01-09,55.0000,55.0800,54.0000,54.2000,3532952
2018-01-08,53.9600,56.1500,53.6600,55.0000,5028059
2018-01-05,54.6500,54.6600,53.4100,54.0900,3370371
2018-01-04,54.8100,55.4300,54.0750,54.7000,3555120
2018-01-03,54.9200,55.1500,52.9600,54.5000,4097542
2018-01-02,54.0600,55.2200,53.9100,55.1700,2928905
2017-12-29,54.0000,54.6100,53.5200,53.8700,5170353
2017-12-28,52.0500,54.2000,52.0210,54.1400,5696354
2017-12-27,50.5500,51.9300,50.2000,51.8400,2959469
2017-12-26,49.9800,50.5000,49.2100,50.3800,2750631
2017-12-22,49.1500,50.0400,48.8100,49.9900,2427508
2017-12-21,49.5700,49.6800,48.7700,48.9900,3046872
2017-12-20,48.1910,49.6700,47.6287,49.2600,7158759
2017-12-19,44.7700,46.5400,44.6600,46.5200,5960166
2017-12-18,42.7750,44.6900,42.7600,44.5700,3149371
2017-12-15,42.8500,43.1400,42.2800,42.6100,4516172
2017-12-14,42.0500,42.3750,41.9600,42.3500,3683921
2017-12-13,42.4500,42.5700,41.7150,41.8600,4146231
2017-12-12,42.3900,42.8800,42.1850,42.4000,3421527
2017-12-11,41.5400,42.9800,41.5400,42.2400,4053037
2017-12-08,41.0000,41.7700,40.9000,41.4000,3696876
2017-12-07,41.1300,41.1900,40.2700,40.6000,3423427
2017-12-06,40.8000,41.4900,40.3000,41.3100,5437502
2017-12-05,41.3700,41.8600,40.9500,41.1800,2852505
2017-12-04,41.8700,42.6000,41.5000,41.7900,2709750
2017-12-01,41.8200,42.3000,40.5210,41.6400,3750919
2017-11-30,41.5000,42.1600,41.1300,41.5100,4407431
2017-11-29,42.1900,42.3200,40.8000,41.2400,4938871
2017-11-28,41.8100,43.7500,41.2099,43.3000,6890455
2017-11-27,42.1500,42.4200,41.4900,42.0400,3091740
2017-11-24,42.8000,42.9000,42.0900,42.2100,1306136
2017-11-22,41.8400,42.6800,41.7750,42.6400,3252334
2017-11-21,42.7300,42.7300,40.2200,41.3900,6257368
2017-11-20,42.2900,42.5500,41.7500,42.2100,4844213
2017-11-17,42.0000,43.6000,42.0000,43.4000,3569042
2017-11-16,42.6800,43.0800,42.0600,42.3000,3351178
2017-11-15,41.2700,42.3700,40.7300,42.2100,4726434
2017-11-14,42.9000,42.9000,40.6200,41.8700,8095739
2017-11-13,42.7000,43.8700,42.5500,43.1300,3162683
2017-11-10,42.9300,44.4600,42.7500,43.0100,4441527
2017-11-09,44.7100,44.7100,43.1100,43.3300,7661245
2017-11-08,46.7300,46.7700,45.3700,45.8900,3348230
2017-11-07,47.1100,47.2040,46.5400,46.9700,2163621
2017-11-06,47.2000,47.6800,46.5300,47.2900,1725268
2017-11-03,47.2500,47.4300,46.7100,47.1200,1837775
2017-11-02,47.6800,47.7670,47.0700,47.4600,2057632
2017-11-01,48.9100,49.2700,47.4500,47.7000,3174620
2017-10-31,47.1500,48.0700,46.3800,47.7800,2717532
2017-10-30,47.7500,48.3800,47.3700,47.4200,2068082
2017-10-27,47.8350,48.2500,47.0100,47.9100,3854884
2017-10-26,49.5200,49.7300,48.5200,49.1500,3463408
2017-10-25,49.7300,49.8800,48.5100,49.5200,3108193
2017-10-24,48.1300,50.3100,48.0600,50.0800,6692106
2017-10-23,48.0400,48.5600,47.8300,47.9300,4019535
2017-10-20,47.1300,48.1300,47.0600,47.9300,4204274
2017-10-19,46.5000,47.7400,46.0100,46.5400,5876010
2017-10-18,47.3800,47.8400,46.5100,47.7500,4606081
2017-10-17,48.6500,48.7200,47.4200,47.7700,3955418
2017-10-16,48.0000,48.9300,47.4800,48.2400,4674758
2017-10-13,48.3200,48.6300,47.6000,47.7100,3275773
2017-10-12,46.9500,47.7700,46.8000,47.5300,2847149
2017-10-11,46.7200,47.0000,46.2100,46.9400,2727964
2017-10-10,47.2800,47.4500,46.5800,46.8900,3578552
2017-10-09,47.6300,47.7200,46.5800,47.0700,2235611
2017-10-06,47.8900,47.8900,47.3000,47.4900,3963440
2017-10-05,48.0800,48.7290,47.6500,48.2500,3191480
2017-10-04,48.2700,49.3000,47.7500,47.9100,4124236
2017-10-03,47.9700,48.3300,47.4400,48.3100,3305104
2017-10-02,46.4300,48.0300,46.4100,47.6500,4037598
2017-09-29,46.4500,47.0000,45.9000,46.6200,3822240
2017-09-28,45.0700,46.4600,44.8100,46.0800,5281047
2017-09-27,45.2800,45.5600,44.4800,45.0700,2391140
2017-09-26,45.1100,45.5200,44.7200,44.7400,4539017
2017-09-25,45.3300,45.7000,44.6200,45.2900,3071243
2017-09-22,45.3100,45.7800,44.6700,45.3800,3089145
2017-09-21,47.1100,47.2500,45.9700,46.2500,3687387
2017-09-20,46.9800,47.9500,46.5300,47.5000,5852935
2017-09-19,45.2200,46.4400,44.8600,46.2000,4854097
2017-09-18,44.8000,45.0900,44.6600,44.9100,3224767
2017-09-15,44.7600,45.0900,44.2200,44.6500,5385078
2017-09-14,44.4800,45.0000,43.7500,44.8000,4449460
2017-09-13,44.6100,45.0700,44.3600,44.9100,3351512
2017-09-12,44.5900,45.2000,44.3300,45.0000,4826286
2017-09-11,43.2500,44.4900,43.1300,43.6000,4173996
2017-09-08,44.3700,44.3700,42.2400,42.6100,7296016
2017-09-07,44.1600,44.9000,44.0400,44.7300,3326446
2017-09-06,44.4000,44.5000,43.3000,44.4300,3419529
2017-09-05,45.0800,45.1200,43.7000,44.4200,5222978
2017-09-01,44.2100,45.2200,44.1300,45.0400,3374580
2017-08-31,43.6700,44.0000,43.1800,43.8800,4088495
2017-08-30,43.2300,44.1000,42.9910,43.0900,5502878
2017-08-29,41.6600,43.1800,41.3800,43.0000,3890419
2017-08-28,41.4300,42.2600,41.0500,42.1700,2678449
2017-08-25,41.6800,41.8000,40.8400,41.2100,2729842
2017-08-24,40.8800,41.5500,40.5600,41.3400,3103742
2017-08-23,39.5600,41.4400,39.4500,41.0600,4820314
2017-08-22,38.7400,40.1300,38.7300,39.7700,3867097
2017-08-21,38.1900,38.6600,38.0500,38.4700,2331799
2017-08-18,37.8800,38.2100,37.3400,37.7600,2028802
2017-08-17,39.0000,39.0000,37.7500,37.8000,3272834
2017-08-16,37.9600,39.3300,37.9100,39.2300,4295678
2017-08-15,37.3000,37.9800,37.1400,37.5000,1826477
2017-08-14,38.1100,38.1580,37.1250,37.1900,2129458
2017-08-11,37.2100,37.9100,36.9300,37.7800,2936153
2017-08-10,38.1200,38.7800,37.7150,37.7800,3515585
2017-08-09,39.2100,39.4500,38.4000,38.6200,3692522
2017-08-08,38.5000,40.3620,38.3600,39.5800,8674921
2017-08-07,38.0000,38.4700,37.6100,37.9900,4914994
2017-08-04,37.3400,37.5000,36.7300,37.4200,2285810
2017-08-03,37.2800,37.6000,36.9400,37.0900,2884558
2017-08-02,36.2700,37.3300,36.2000,37.2800,2962758
2017-08-01,36.4600,36.7400,35.9100,36.3800,1918688
2017-07-31,35.9700,36.4400,35.6650,36.4000,2137320
2017-07-28,36.1700,36.3200,35.5400,35.6400,2851126
2017-07-27,36.8400,37.0700,36.0850,36.3600,2044059
2017-07-26,37.4200,37.6100,36.5600,36.6300,3390179
2017-07-25,37.0700,37.3800,36.8650,37.3000,3403471
2017-07-24,36.5900,36.8800,36.5100,36.6900,2244773
2017-07-21,36.5500,36.8590,36.5060,36.6200,2449086
2017-07-20,35.9500,37.3100,35.9500,36.7200,4745762
2017-07-19,36.6100,36.6200,36.0700,36.5000,4431844
2017-07-18,36.4000,36.4800,35.8000,36.4300,3049846
2017-07-17,36.4400,36.6900,36.2050,36.4000,3453010
2017-07-14,36.2000,36.4400,35.9800,36.3200,3966487
2017-07-13,35.4500,36.3800,35.4300,36.0100,5277848
2017-07-12,35.2500,35.4700,34.4400,34.6000,4134442
2017-07-11,34.2200,35.0800,33.9900,35.0000,4244142
2017-07-10,33.9100,34.4500,33.6800,34.1400,3036347
2017-07-07,34.0000,34.3700,33.2650,34.1900,3772263
2017-07-06,33.6100,35.3800,33.6000,33.8900,6220940
2017-07-05,34.1700,34.2550,33.5700,33.7700,4006069
2017-07-03,32.9400,34.3000,32.9150,34.0200,3112086
2017-06-30,33.1600,33.4500,32.5350,32.6500,3014777
2017-06-29,33.1100,33.3400,32.6100,33.1800,3730077
2017-06-28,32.1000,33.0000,31.9300,32.9500,3764296
2017-06-27,31.6000,32.5000,31.4900,31.6300,5463485
2017-06-26,31.1900,31.2950,30.6500,31.1800,2935982
2017-06-23,30.1300,31.4300,29.7900,31.0900,6287723
2017-06-22,29.8100,30.2500,29.6600,29.8000,2906662
2017-06-21,30.5900,30.5900,29.6350,29.6900,3485500
2017-06-20,30.6900,31.0950,30.4100,30.4500,2566746
2017-06-19,30.3700,31.3000,30.1600,30.8900,3909102
2017-06-16,30.8000,30.8630,29.5500,30.0000,4741975
2017-06-15,31.1200,31.4500,30.6100,30.7400,3224303
2017-06-14,32.5700,32.6800,31.2100,31.5400,3714380
2017-06-13,31.9700,32.5480,31.5500,32.4800,2995123
2017-06-12,32.8200,33.2100,31.7800,31.7800,4709295
2017-06-09,33.6400,34.0000,32.8500,33.0100,3063086
2017-06-08,32.6000,33.6500,32.5900,33.5000,3274208
2017-06-07,33.1500,33.1700,32.4000,32.8200,3329688
2017-06-06,33.1100,33.4900,32.7800,32.9400,2295347
2017-06-05,32.6500,33.5800,32.6500,33.3200,2604958
2017-06-02,32.3900,33.0000,32.3500,32.8600,2633226
2017-06-01,32.8400,33.4500,32.4500,32.9400,2372191
2017-05-31,32.8800,33.0500,31.7600,32.9400,4491991
2017-05-30,33.0300,33.1600,32.5300,32.9900,3215090
2017-05-26,32.8700,33.3600,32.8700,33.2700,2369666
2017-05-25,33.6800,34.0900,33.0300,33.0900,2321565
2017-05-24,33.2700,33.9200,33.0450,33.5100,3338172
2017-05-23,32.9800,33.3600,32.5600,33.2600,2949100
2017-05-22,32.6500,33.2000,32.4700,32.9600,3402047
2017-05-19,32.1600,32.8800,32.1000,32.2900,2606084
2017-05-18,31.4500,32.1700,31.1000,31.9200,2394271
2017-05-17,31.8800,32.2200,31.5800,31.6300,3707349
2017-05-16,32.1000,32.4000,31.7500,32.1600,2993409
2017-05-15,32.1700,32.5000,31.9700,32.0300,2383950
2017-05-12,31.0000,32.1300,30.9600,31.7900,3379716
2017-05-11,31.2300,31.3100,30.4500,31.1600,4109259
2017-05-10,30.9500,31.4600,30.7000,31.0800,3486451
2017-05-09,31.2200,31.2400,30.4600,30.8200,3413988
2017-05-08,31.3700,31.3700,30.6600,31.0200,3780789
2017-05-05,31.3500,31.9600,31.0500,31.8200,4031041
2017-05-04,31.2200,31.3600,30.4200,31.0400,7900198
2017-05-03,32.9000,32.9000,31.5100,31.6900,7328528
2017-05-02,33.3100,34.3300,33.3000,33.3300,3882041
2017-05-01,33.9500,34.1300,32.9000,33.2800,4984140
2017-04-28,34.8100,34.9450,33.6800,33.7300,5238656
2017-04-27,35.7500,35.9000,34.1550,34.5200,14763506
2017-04-26,36.0000,37.2000,35.8500,36.4500,7369332
2017-04-25,34.2300,36.5500,34.2300,36.4900,11075292
2017-04-24,32.2400,33.4400,32.1500,33.3100,7907300
2017-04-21,32.2000,32.5500,31.6500,31.7000,5043928
2017-04-20,31.8900,32.3000,31.4600,32.0400,5429646
2017-04-19,32.1800,32.4400,31.2800,31.3000,2465529
2017-04-18,30.7800,32.3700,30.4500,31.7600,5018853
2017-04-17,31.1700,31.7900,30.9700,31.3100,4099722
2017-04-13,32.1100,32.4700,30.9900,30.9900,6143280
2017-04-12,33.8600,34.2900,32.0300,32.0500,7603354
2017-04-11,33.5700,34.4600,33.1500,34.3900,3142542
2017-04-10,33.6600,33.7800,33.2000,33.6600,2575451
2017-04-07,33.2500,34.1300,33.1510,33.7300,3673929
2017-04-06,33.8500,34.1600,33.1900,33.6500,3627131
2017-04-05,34.7900,35.0900,33.7550,33.8500,4016824
2017-04-04,34.0300,34.5000,33.8210,34.2300,2297037
2017-04-03,34.6200,35.0000,33.5020,34.2200,4204663
2017-03-31,34.0600,34.7400,33.6000,34.4000,5188399
2017-03-30,33.1500,35.1400,32.9600,33.4900,7122597
2017-03-29,32.9100,33.2900,32.7300,32.9100,2611803
2017-03-28,32.5000,33.6370,32.4500,32.9200,4039664
2017-03-27,31.7400,32.5700,31.2900,32.4700,3654475
2017-03-24,33.6100,33.8600,32.3650,32.5600,4110369
2017-03-23,33.4100,33.6900,33.1100,33.3100,3071983
2017-03-22,33.3500,34.1500,33.0100,33.6900,2878415
2017-03-21,34.9000,35.2500,33.1700,33.2200,4540663
2017-03-20,34.9000,35.3600,34.1000,34.9000,2688853
2017-03-17,35.5700,35.9800,34.9500,34.9700,3827967
2017-03-16,35.6600,35.9900,34.9800,35.3800,3644274
2017-03-15,34.4000,35.2900,33.9500,35.1400,3753386
2017-03-14,34.4500,34.5800,33.7700,34.1900,3113001
2017-03-13,35.2100,35.5200,34.5300,34.7000,2491431
2017-03-10,35.9000,36.0000,34.2350,34.5300,4052315
2017-03-09,36.0700,36.5500,34.8900,35.3600,4826219
2017-03-08,35.9000,36.8200,35.9000,35.9900,4485667
2017-03-07,36.8100,36.8900,35.7500,35.8000,3753385
2017-03-06,36.8000,37.4800,35.8000,36.9300,5764124
2017-03-03,36.0600,36.8900,35.7500,36.3800,3238051
2017-03-02,37.6400,38.1700,35.8300,35.8500,5098625
2017-03-01,35.9300,38.1500,35.8500,37.9900,10564474
2017-02-28,34.7300,35.3300,34.4000,34.5900,4034102
2017-02-27,34.5200,35.3800,34.1900,34.7800,3898218
2017-02-24,33.8100,34.6400,33.3500,34.4800,5763834
2017-02-23,36.8600,36.8800,34.2600,34.3200,7139960
2017-02-22,36.4000,36.7100,36.2100,36.6000,2587865
2017-02-21,36.3100,37.0100,36.2300,36.7100,3393391
2017-02-17,36.2400,36.6100,35.7900,36.2100,4516538
2017-02-16,37.8200,37.8300,36.3500,36.4600,7040708
2017-02-15,38.2500,38.3000,37.7300,37.8700,11488878
2017-02-14,38.5700,39.2500,38.1800,38.5600,3754357
2017-02-13,38.7900,39.7800,38.4500,38.4800,5366057
2017-02-10,37.9200,38.5400,37.5050,38.3000,3629116
2017-02-09,37.4100,37.7500,36.9940,37.4200,3392385
2017-02-08,37.9300,38.5000,37.1100,37.5400,3119915
2017-02-07,38.0400,38.2500,37.3100,37.9700,3269794
2017-02-06,36.9000,38.0000,36.8000,37.7500,2833638
2017-02-03,37.8700,38.0500,36.8300,36.8600,5243205
2017-02-02,36.7000,38.3700,36.6300,37.6800,5049682
2017-02-01,36.5800,37.1900,36.2000,36.2600,2905397
2017-01-31,36.7800,37.2300,36.0100,36.4500,2690080
2017-01-30,36.4800,36.5900,35.7700,36.5500,3002400
2017-01-27,36.3000,37.3900,36.2700,36.6700,3617786
2017-01-26,36.2200,37.0699,35.5100,36.3000,5735365
2017-01-25,38.5800,38.9400,36.3100,36.5300,13583342
2017-01-24,37.1800,38.3800,37.1800,37.5000,11911148
2017-01-23,35.9200,36.3950,35.4550,36.2900,5244644
2017-01-20,35.4000,35.7400,34.9300,35.6600,5330764
2017-01-19,34.2200,35.6300,34.1800,35.4200,5050105
2017-01-18,32.9500,34.8300,32.6400,34.8100,6417754
2017-01-17,32.9700,33.0400,32.5200,32.6400,1382009
2017-01-13,32.8200,33.4300,32.5300,33.0100,3026692
2017-01-12,33.0000,33.5000,32.5100,33.0400,4519604
2017-01-11,31.0800,32.0000,31.0800,31.9700,3068269
2017-01-10,29.8300,31.1000,29.7300,30.9800,3824409
2017-01-09,30.8800,30.8800,29.2150,29.4800,4199908
2017-01-06,30.6900,31.1000,30.3100,30.6800,2086333
2017-01-05,30.1800,30.9300,30.1150,30.6500,2444552
2017-01-04,29.0200,30.3000,29.0200,30.2600,3339121
2017-01-03,28.6000,28.8700,28.1700,28.8300,2746634
2016-12-30,28.9700,29.3779,28.0100,28.0800,2685997
2016-12-29,29.4300,29.4400,28.6000